.virtualenvs/AdventCode/bin/python /home/daniel/PycharmProjects/AdventCode/Day18/Day18b.py
[[[[[6,6],[7,7]],[[0,7],[7,7]]],[[[5,5],[5,6]],9]],[1,[[[9,3],9],[[9,0],[0,7]]]]]
[[[[0,[13,7]],[[0,7],[7,7]]],[[[5,5],[5,6]],9]],[1,[[[9,3],9],[[9,0],[0,7]]]]]
[[[[13,0],[[7,7],[7,7]]],[[[5,5],[5,6]],9]],[1,[[[9,3],9],[[9,0],[0,7]]]]]
[[[[13,7],[0,[14,7]]],[[[5,5],[5,6]],9]],[1,[[[9,3],9],[[9,0],[0,7]]]]]
[[[[13,7],[14,0]],[[[12,5],[5,6]],9]],[1,[[[9,3],9],[[9,0],[0,7]]]]]
[[[[13,7],[14,12]],[[0,[10,6]],9]],[1,[[[9,3],9],[[9,0],[0,7]]]]]
[[[[13,7],[14,12]],[[10,0],15]],[1,[[[9,3],9],[[9,0],[0,7]]]]]
[[[[13,7],[14,12]],[[10,0],15]],[10,[[0,12],[[9,0],[0,7]]]]]
[[[[13,7],[14,12]],[[10,0],15]],[10,[[0,21],[0,[0,7]]]]]
[[[[13,7],[14,12]],[[10,0],15]],[10,[[0,21],[0,0]]]]
[[[[[6,7],7],[14,12]],[[10,0],15]],[10,[[0,21],[0,0]]]]
[[[[0,14],[14,12]],[[10,0],15]],[10,[[0,21],[0,0]]]]
[[[[0,[7,7]],[14,12]],[[10,0],15]],[10,[[0,21],[0,0]]]]
[[[[7,0],[21,12]],[[10,0],15]],[10,[[0,21],[0,0]]]]
[[[[7,0],[[10,11],12]],[[10,0],15]],[10,[[0,21],[0,0]]]]
[[[[7,10],[0,23]],[[10,0],15]],[10,[[0,21],[0,0]]]]
[[[[7,[5,5]],[0,23]],[[10,0],15]],[10,[[0,21],[0,0]]]]
[[[[12,0],[5,23]],[[10,0],15]],[10,[[0,21],[0,0]]]]
[[[[[6,6],0],[5,23]],[[10,0],15]],[10,[[0,21],[0,0]]]]
[[[[0,6],[5,23]],[[10,0],15]],[10,[[0,21],[0,0]]]]
[[[[0,6],[5,[11,12]]],[[10,0],15]],[10,[[0,21],[0,0]]]]
[[[[0,6],[16,0]],[[22,0],15]],[10,[[0,21],[0,0]]]]
[[[[0,6],[[8,8],0]],[[22,0],15]],[10,[[0,21],[0,0]]]]
[[[[0,14],[0,8]],[[22,0],15]],[10,[[0,21],[0,0]]]]
[[[[0,[7,7]],[0,8]],[[22,0],15]],[10,[[0,21],[0,0]]]]
[[[[7,0],[7,8]],[[22,0],15]],[10,[[0,21],[0,0]]]]
[[[[7,0],[7,8]],[[[11,11],0],15]],[10,[[0,21],[0,0]]]]
[[[[7,0],[7,19]],[[0,11],15]],[10,[[0,21],[0,0]]]]
[[[[7,0],[7,[9,10]]],[[0,11],15]],[10,[[0,21],[0,0]]]]
[[[[7,0],[16,0]],[[10,11],15]],[10,[[0,21],[0,0]]]]
[[[[7,0],[[8,8],0]],[[10,11],15]],[10,[[0,21],[0,0]]]]
[[[[7,8],[0,8]],[[10,11],15]],[10,[[0,21],[0,0]]]]
[[[[7,8],[0,8]],[[[5,5],11],15]],[10,[[0,21],[0,0]]]]
[[[[7,8],[0,13]],[[0,16],15]],[10,[[0,21],[0,0]]]]
[[[[7,8],[0,[6,7]]],[[0,16],15]],[10,[[0,21],[0,0]]]]
[[[[7,8],[6,0]],[[7,16],15]],[10,[[0,21],[0,0]]]]
[[[[7,8],[6,0]],[[7,[8,8]],15]],[10,[[0,21],[0,0]]]]
[[[[7,8],[6,0]],[[15,0],23]],[10,[[0,21],[0,0]]]]
[[[[7,8],[6,0]],[[[7,8],0],23]],[10,[[0,21],[0,0]]]]
[[[[7,8],[6,7]],[[0,8],23]],[10,[[0,21],[0,0]]]]
[[[[7,8],[6,7]],[[0,8],[11,12]]],[10,[[0,21],[0,0]]]]
[[[[7,8],[6,7]],[[0,8],[[5,6],12]]],[10,[[0,21],[0,0]]]]
[[[[7,8],[6,7]],[[0,13],[0,18]]],[10,[[0,21],[0,0]]]]
[[[[7,8],[6,7]],[[0,[6,7]],[0,18]]],[10,[[0,21],[0,0]]]]
[[[[7,8],[6,7]],[[6,0],[7,18]]],[10,[[0,21],[0,0]]]]
[[[[7,8],[6,7]],[[6,0],[7,[9,9]]]],[10,[[0,21],[0,0]]]]
[[[[7,8],[6,7]],[[6,0],[16,0]]],[19,[[0,21],[0,0]]]]
[[[[7,8],[6,7]],[[6,0],[[8,8],0]]],[19,[[0,21],[0,0]]]]
[[[[7,8],[6,7]],[[6,8],[0,8]]],[19,[[0,21],[0,0]]]]
[[[[7,8],[6,7]],[[6,8],[0,8]]],[[9,10],[[0,21],[0,0]]]]
[[[[7,8],[6,7]],[[6,8],[0,8]]],[[9,[5,5]],[[0,21],[0,0]]]]
[[[[7,8],[6,7]],[[6,8],[0,8]]],[[9,[5,5]],[[0,[10,11]],[0,0]]]]
[[[[7,8],[6,7]],[[6,8],[0,8]]],[[9,[5,5]],[[10,0],[11,0]]]]
[[[[7,8],[6,7]],[[6,8],[0,8]]],[[9,[5,5]],[[[5,5],0],[11,0]]]]
[[[[7,8],[6,7]],[[6,8],[0,8]]],[[9,[5,10]],[[0,5],[11,0]]]]
[[[[7,8],[6,7]],[[6,8],[0,8]]],[[9,[5,[5,5]]],[[0,5],[11,0]]]]
[[[[7,8],[6,7]],[[6,8],[0,8]]],[[9,[10,0]],[[5,5],[11,0]]]]
[[[[7,8],[6,7]],[[6,8],[0,8]]],[[9,[[5,5],0]],[[5,5],[11,0]]]]
[[[[7,8],[6,7]],[[6,8],[0,8]]],[[14,[0,5]],[[5,5],[11,0]]]]
[[[[7,8],[6,7]],[[6,8],[0,8]]],[[[7,7],[0,5]],[[5,5],[11,0]]]]
[[[[7,8],[6,7]],[[6,8],[0,8]]],[[[7,7],[0,5]],[[5,5],[[5,6],0]]]]
[[[[7,8],[6,7]],[[6,8],[0,8]]],[[[7,7],[0,5]],[[5,10],[0,6]]]]
[[[[7,8],[6,7]],[[6,8],[0,8]]],[[[7,7],[0,5]],[[5,[5,5]],[0,6]]]]
[[[[7,8],[6,7]],[[6,8],[0,8]]],[[[7,7],[0,5]],[[10,0],[5,6]]]]
[[[[7,8],[6,7]],[[6,8],[0,8]]],[[[7,7],[0,5]],[[[5,5],0],[5,6]]]]
[[[[7,8],[6,7]],[[6,8],[0,8]]],[[[7,7],[0,10]],[[0,5],[5,6]]]]
[[[[7,8],[6,7]],[[6,8],[0,8]]],[[[7,7],[0,[5,5]]],[[0,5],[5,6]]]]
[[[[7,8],[6,7]],[[6,8],[0,8]]],[[[7,7],[5,0]],[[5,5],[5,6]]]]
[[[[7,8],[6,7]],[[6,8],[0,8]]],[[[7,7],[5,0]],[[5,5],[5,6]]]]